city,distance,through
KAB. ACEH BARAT,828.530275485328,"[28, 25, 26, 51]"
KAB. ACEH BARAT DAYA,780.5438570316011,"[28, 20, 21, 2]"
KAB. ACEH BESAR,530.2490148280707,"[28, 20, 21]"
KAB. ACEH JAYA,606.5524881651695,"[28, 20, 21, 2]"
KAB. ACEH SELATAN,802.8527471244566,"[28, 25, 26, 7, 6, 5]"
KAB. ACEH SINGKIL,682.1820221838752,"[28, 25, 26, 7, 6]"
KAB. ACEH TAMIANG,473.2982609932254,"[28, 25, 26, 7]"
KAB. ACEH TENGAH,341.6207357574482,"[28, 25, 26]"
KAB. ACEH TENGGARA,500.42876123902965,"[28, 25, 26, 7]"
KAB. ACEH TIMUR,635.7069329113217,"[28, 25, 26, 7, 8]"
KAB. ACEH UTARA,604.1471108957751,"[28, 25, 14, 13, 12, 11]"
KAB. BENER MERIAH,565.0259091962744,"[28, 25, 14, 13, 12]"
KAB. BIREUEN,514.0307356226527,"[28, 25, 14, 13]"
KAB. GAYO LUES,364.82357492276077,"[28, 25, 14]"
KAB. NAGAN RAYA,267.728737837742,"[28, 25]"
KAB. PIDIE,389.75409992192544,"[28, 25, 14]"
KAB. PIDIE JAYA,419.285496554506,"[28, 25, 14, 15]"
KAB. SIMEULUE,457.859088499509,"[28, 55]"
KOTA BANDA ACEH,700.9555892828221,"[28, 20, 19]"
KOTA LANGSA,383.79593371671587,"[28, 20]"
KOTA LHOKSEUMAWE,262.3247122363391,[28]
KOTA SABANG,478.47225200501714,"[28, 20]"
KOTA SUBULUSSALAM,198.99493449867634,"[28, 27]"
KAB. ASAHAN,210.12378327709905,"[28, 25, 24]"
KAB. BATUBARA,167.791205476745,"[28, 25]"
KAB. DAIRI,26.43103406341165,[28]
KAB. DELI SERDANG,104.86142621097326,"[28, 25]"
KAB. HUMBANG HASUNDUTAN,106.39943795909706,[28]
KAB. KARO,0.0,[]
KAB. LABUHANBATU,227.9118482122616,[28]
KAB. LABUHANBATU SELATAN,251.71317295963053,[28]
KAB. LABUHANBATU UTARA,317.0873686464253,"[28, 30]"
KAB. LANGKAT,554.5632707048396,"[28, 30, 31]"
KAB. MANDAILING NATAL,437.8147130322667,"[28, 25, 38, 39]"
KAB. NIAS,280.63096308188915,"[28, 25, 49, 35]"
KAB. NIAS BARAT,250.5048425830431,"[28, 25, 49]"
KAB. NIAS SELATAN,301.7425907229079,"[28, 25, 49, 35]"
KAB. NIAS UTARA,384.78213850625156,"[28, 25, 49, 35, 36]"
KAB. PADANG LAWAS,286.01856094771216,"[28, 25]"
KAB. PADANG LAWAS UTARA,340.5880459501879,"[28, 25, 38]"
KAB. PAKPAK BHARAT,529.0466155964845,"[28, 25, 38, 39]"
KAB. SAMOSIR,490.64462808923474,"[28, 25, 26, 51]"
KAB. SERDANG BEDAGAI,548.327468241107,"[28, 25, 38, 39, 43]"
KAB. SIMALUNGUN,501.4414026283198,"[28, 25, 38, 39]"
KAB. TAPANULI SELATAN,657.1921363793533,"[28, 25, 38, 39, 43]"
KAB. TAPANULI TENGAH,671.3955015558843,"[28, 20]"
KAB. TAPANULI UTARA,699.1405797905076,"[28, 25, 49, 48, 47]"
KAB. TOBA SAMOSIR,659.4667075738031,"[28, 25, 49, 48]"
KOTA BINJAI,494.66533705497125,"[28, 25, 49]"
KOTA GUNUNGSITOLI,217.13358720359946,"[28, 25]"
KOTA MEDAN,347.53659912053377,"[28, 25, 24, 23]"
KOTA PADANGSIDEMPUAN,341.19579613715314,"[28, 25, 26]"
KOTA PEMATANGSIANTAR,501.5112757959773,"[28, 55, 54, 53]"
KOTA SIBOLGA,360.82488102926675,"[28, 55, 54]"
KOTA TANJUNGBALAI,183.72673979595282,"[28, 55]"
KOTA TEBING TINGGI,101.98999212439459,[28]
KAB. AGAM,512.1912233505127,"[28, 55]"
KAB. DHARMASRAYA,701.0060633376213,"[28, 55, 56]"
KAB. KEPULAUAN MENTAWAI,568.5485082353209,"[28, 25, 49, 35, 36]"
KAB. LIMA PULUH KOTA,612.9337602666473,"[28, 25, 49, 35, 34, 62]"
KAB. PADANG PARIAMAN,658.0195786183177,"[28, 25, 49, 35, 34, 62, 61]"
KAB. PASAMAN,571.6324038372421,"[28, 25, 49, 35, 34, 62]"
KAB. PASAMAN BARAT,512.0101115125535,"[28, 25, 49, 35, 34]"
KAB. PESISIR SELATAN,614.340827658088,"[28, 25]"
KAB. SIJUNJUNG,697.5966367677993,"[28, 25, 49, 65]"
KAB. SOLOK,658.6723429834931,"[28, 25, 49]"
KAB. SOLOK SELATAN,723.0052020581451,"[28, 25, 49, 65]"
KAB. TANAH DATAR,645.8998757018092,"[28, 30, 70, 71, 73]"
KOTA BUKITTINGGI,638.9505085387883,"[28, 30, 70, 69]"
KOTA PADANG,567.3318439845827,"[28, 30, 70]"
KOTA PADANGPANJANG,513.8062531524242,"[28, 30]"
KOTA PARIAMAN,549.1699550733263,"[28, 30, 70]"
KOTA PAYAKUMBUH,620.7486767669652,"[28, 30, 70, 71]"
KOTA SAWAHLUNTO,617.1939069466147,"[28, 30, 70, 71]"
KOTA SOLOK,626.3901377883171,"[28, 25, 26, 51]"
KAB. BENGKALIS,448.18928293133587,"[28, 55]"
KAB. INDRAGIRI HILIR,679.2856985045095,"[28, 55, 75]"
KAB. INDRAGIRI HULU,726.7331618250483,"[28, 30, 84, 78]"
KAB. KAMPAR,570.4994148518448,"[28, 30, 84]"
KAB. KEPULAUAN MERANTI,758.7734450523715,"[28, 30, 84, 78]"
KAB. KUANTAN SINGINGI,657.3428426645512,"[28, 30, 81]"
KAB. PELALAWAN,553.1624478334672,"[28, 30]"
KAB. ROKAN HILIR,613.7716937198961,"[28, 27, 22, 83]"
KAB. ROKAN HULU,535.4497586597132,"[28, 27, 22]"
KAB. SIAK,468.14354272171295,"[28, 30]"
KOTA DUMAI,426.21459908510866,"[28, 27]"
KOTA PEKANBARU,466.8993772380702,"[28, 25]"
KAB. BINTAN,813.8848522017113,"[28, 25, 86]"
KAB. KARIMUN,866.5008321295145,"[28, 27, 22, 83]"
KAB. KEPULAUAN ANAMBAS,899.4182001607978,"[28, 27]"
KAB. LINGGA,1320.041603299391,"[28, 27, 89]"
KAB. NATUNA,1287.2598329894763,"[28, 25, 24, 92]"
KOTA BATAM,722.3176153420084,"[28, 25, 24]"
KOTA TANJUNG PINANG,773.9655154059969,"[28, 25, 24, 92]"
PULAU TAMBELAN KAB. BINTAN,1051.5573419973798,"[28, 30]"
PEKAJANG KAB. LINGGA,1220.4959961770414,"[28, 25, 49, 35, 36, 58]"
PULAU SERASAN KAB. NATUNA,1214.7325937871653,"[28, 29]"
PULAU MIDAI KAB. NATUNA,1366.1492063827814,"[28, 29, 96]"
PULAU LAUT KAB. NATUNA,1557.7906369187003,"[28, 29, 96, 97]"
KAB. BATANGHARI,782.7175143494853,"[28, 29]"
KAB. BUNGO,852.2083182223971,"[28, 30, 81, 101]"
KAB. KERINCI,795.4138561811031,"[28, 30, 81]"
KAB. MERANGIN,864.8897061850149,"[28, 30, 81, 101]"
KAB. MUARO JAMBI,973.0312533758022,"[28, 30, 70, 71]"
KAB. SAROLANGUN,857.4558926695954,"[28, 55, 54, 107]"
KAB. TANJUNG JABUNG BARAT,979.5117362032329,"[28, 55, 54, 107, 106]"
KAB. TANJUNG JABUNG TIMUR,897.264133889622,"[28, 55, 54, 107]"
KAB. TEBO,732.3388906307532,"[28, 55, 54]"
KOTA JAMBI,878.4482888333087,"[28, 55, 54, 107]"
KOTA SUNGAI PENUH,758.1617563563816,"[28, 55, 56]"
KAB. BENGKULU SELATAN,1055.6392915603224,"[28, 30, 84]"
KAB. BENGKULU TENGAH,1002.9342035612171,"[28, 25, 26, 51, 74]"
KAB. BENGKULU UTARA,1069.0634200190077,"[28, 25, 26, 51, 74, 111]"
KAB. KAUR,1083.5142684447924,"[28, 30, 70, 69, 116, 115, 114]"
KAB. KEPAHIANG,962.613890786175,"[28, 30, 70, 69, 116, 115]"
KAB. LEBONG,889.8565176152915,"[28, 30, 70, 69, 116]"
KAB. MUKOMUKO,787.3492803464461,"[28, 30, 70, 69]"
KAB. REJANG LEBONG,882.5512723678952,"[28, 27]"
KAB. SELUMA,948.9190686456516,"[28, 27, 117]"
KOTA BENGKULU,1006.7060888198514,"[28, 27, 117, 118]"
KAB. BANYUASIN,970.2697690901742,"[28, 25]"
KAB. EMPAT LAWANG,1048.7841255181047,"[28, 27, 85]"
KAB. LAHAT,1009.5924351531696,"[28, 30, 84]"
KAB. MUARA ENIM,1023.8913849333397,"[28, 25, 86, 124]"
KAB. MUSI BANYUASIN,890.4772369172806,"[28, 25, 86]"
KAB. MUSI RAWAS,931.4495646943394,"[28, 30, 70]"
KAB. MUSI RAWAS UTARA,925.355823992098,"[28, 55, 56, 109]"
KAB. OGAN ILIR,1147.8010049105442,"[28, 55, 56, 109, 126]"
KAB. OGAN KOMERING ILIR,1215.2987723128012,"[28, 55, 56, 109, 126, 127]"
KAB. OGAN KOMERING ULU,1077.3843054971658,"[28, 30, 70]"
KAB. OGAN KOMERING ULU SELATAN,1079.8996900089353,"[28, 27]"
KAB. OGAN KOMERING ULU TIMUR,1096.9277945323938,"[28, 25, 135]"
KAB. PENUKAL ABAB LEMATANG ILIR,1010.4224438610062,"[28, 25, 38, 133]"
KOTA LUBUKLINGGAU,882.5834044825413,"[28, 25, 38]"
KOTA PAGAR ALAM,974.8156265511807,"[28, 25, 38, 133]"
KOTA PALEMBANG,998.9642790284742,"[28, 25]"
KOTA PRABUMULIH,1076.011636814941,"[28, 25, 135]"
KAB. BANGKA,1021.0061297686831,"[28, 29]"
KAB. BANGKA BARAT,1012.8185947272857,"[28, 55, 54]"
KAB. BANGKA SELATAN,1125.4182710173163,"[28, 29]"
KAB. BANGKA TENGAH,1171.4202699199493,"[28, 29, 139]"
KAB. BELITUNG,1345.5093056709068,"[28, 25, 86, 142]"
KAB. BELITUNG TIMUR,1300.3592917293545,"[28, 25, 86]"
KOTA PANGKAL PINANG,1257.8562017189215,"[28, 27, 22]"
KAB. LAMPUNG TENGAH,1210.4480585623362,"[28, 25, 135]"
KAB. LAMPUNG UTARA,1163.7864371408632,"[28, 25, 63]"
KAB. LAMPUNG SELATAN,1284.9926158502649,"[28, 25, 63, 145]"
KAB. LAMPUNG BARAT,1196.2336951585364,"[28, 30, 70, 69, 116, 115]"
KAB. LAMPUNG TIMUR,1266.8139042830776,"[28, 25, 63]"
KAB. MESUJI,1287.122600815063,"[28, 30, 81, 101, 102]"
KAB. PESAWARAN,1278.9793154201575,"[28, 30, 70, 129]"
KAB. PESISIR BARAT,1222.2938864201108,"[28, 55, 54, 107]"
KAB. PRINGSEWU,1225.8884008556436,"[28, 25, 86]"
KAB. TULANG BAWANG,1177.5706941036447,"[28, 25, 120]"
KAB. TULANG BAWANG BARAT,1229.700395330958,"[28, 25, 120, 153]"
KAB. TANGGAMUS,1214.9698250114657,"[28, 29, 99]"
KAB. WAY KANAN,1159.2264464600971,"[28, 55]"
KOTA BANDAR LAMPUNG,1257.8224769861667,"[28, 25, 86, 152]"
KOTA METRO,1289.2013158286825,"[28, 25, 86, 152, 157]"
KAB. LEBAK,1408.1759868746858,"[28, 30]"
KAB. PANDEGLANG,1434.73685106123,"[28, 25, 135, 131]"
KAB. SERANG,1402.700722631168,"[28, 30, 70, 129]"
KAB. TANGERANG,1452.420990650933,"[28, 30, 70, 129, 161]"
KOTA CILEGON,1404.6045436326647,"[28, 25, 135, 144, 164]"
KOTA SERANG,1383.873155473388,"[28, 25, 135, 144]"
KOTA TANGERANG,1438.3580651577197,"[28, 30, 84, 166]"
KOTA TANGERANG SELATAN,1427.2549515989617,"[28, 30, 84]"
KAB. BANDUNG,1559.7642355556497,"[28, 25, 86, 124, 168]"
KAB. BANDUNG BARAT,1526.623599382428,"[28, 25, 86, 124]"
KAB. BEKASI,1540.2738446081812,"[28, 55, 56, 187]"
KAB. BOGOR,1513.0105564570415,"[28, 25, 135, 136]"
KAB. CIAMIS,1642.4343896328714,"[28, 30, 84, 166]"
KAB. CIANJUR,1542.2360283545495,"[28, 27, 130]"
KAB. CIREBON,1688.0257942111612,"[28, 30, 70, 69, 116, 115]"
KAB. GARUT,1645.8272184516609,"[28, 30, 70, 129, 161]"
KAB. INDRAMAYU,1543.135886306863,"[28, 25, 38]"
KAB. KARAWANG,1482.0788977472237,"[28, 25, 38, 133]"
KAB. KUNINGAN,1614.1050187618728,"[28, 30, 81, 178]"
KAB. MAJALENGKA,1573.2370341457731,"[28, 30, 81]"
KAB. PANGANDARAN,1659.0665770879273,"[28, 25, 38, 195, 194]"
KAB. PURWAKARTA,1516.1478727111403,"[28, 25, 135, 144]"
KAB. SUBANG,1559.9445833425002,"[28, 25, 135, 144, 180]"
KAB. SUKABUMI,1495.216154319467,"[28, 25, 38, 195, 194]"
KAB. SUMEDANG,1550.061056940255,"[28, 25, 38]"
KAB. TASIKMALAYA,1629.2299282148967,"[28, 25]"
KOTA BANDUNG,1532.4453778687905,"[28, 30]"
KOTA BANJAR,1645.2872216236583,"[28, 30, 185]"
KOTA BEKASI,1521.135482973415,"[28, 55, 56]"
KOTA BOGOR,1565.214437754216,"[28, 55, 56, 187]"
KOTA CIMAHI,1580.5958520409044,"[28, 30, 70, 125]"
KOTA CIREBON,1653.348641002475,"[28, 55, 54, 138]"
KOTA DEPOK,1483.1653438903213,"[28, 30, 70, 125]"
KOTA SUKABUMI,1543.4600805407954,"[28, 30, 70, 125, 191]"
KOTA TASIKMALAYA,1616.3311244550225,"[28, 25, 38, 195, 194]"
KOTA JAKARTA,1417.891879640897,"[28, 25, 38, 195]"
KAB. ADMINISTRASI KEPULAUAN SERIBU,1349.5534437476833,"[28, 25, 38]"
KAB. BANJARNEGARA,1734.7906110030976,"[28, 25, 38, 195]"
KAB. BANYUMAS,1742.888431051713,"[28, 30, 159]"
KAB. BATANG,1740.6625166111428,"[28, 25, 86, 214, 213]"
KAB. BLORA,1903.7800971957695,"[28, 25, 86, 214, 213, 198]"
KAB. BOYOLALI,1839.9296072266586,"[28, 27, 224]"
KAB. BREBES,1681.3527328643843,"[28, 55, 75, 76]"
KAB. CILACAP,1703.3091450022464,"[28, 25, 86, 124, 168]"
KAB. DEMAK,1845.6844140736273,"[28, 25, 135, 227]"
KAB. GROBOGAN,1856.7725425907365,"[28, 25, 86, 214, 213]"
KAB. JEPARA,1805.360886406875,"[28, 27, 85]"
KAB. KARANGANYAR,1920.602343932013,"[28, 25, 86, 142]"
KAB. KEBUMEN,1778.1397270963093,"[28, 25, 38, 133, 176]"
KAB. KENDAL,1747.3105390788949,"[28, 25, 120]"
KAB. KLATEN,1829.6753035244571,"[28, 30, 84]"
KAB. KUDUS,1859.6872439656534,"[28, 55, 54, 107]"
KAB. MAGELANG,1860.3199040157633,"[28, 25, 86, 142]"
KAB. PATI,1870.5592259809648,"[28, 25, 86, 214, 213]"
KAB. PEKALONGAN,1709.0923567823027,"[28, 25, 86, 214]"
KAB. PEMALANG,1688.0614000999258,"[28, 25, 86]"
KAB. PURBALINGGA,1715.4153520544871,"[28, 25, 86, 214]"
KAB. PURWOREJO,1784.9013738053907,"[28, 27]"
KAB. REMBANG,1850.1527103652757,"[28, 25, 135]"
KAB. SEMARANG,1772.782987154707,[28]
KAB. SRAGEN,1838.220924729059,"[28, 218]"
KAB. SUKOHARJO,1867.8173803596258,"[28, 218, 219]"
KAB. TEGAL,1666.3576990544784,"[28, 25, 120, 153]"
KAB. TEMANGGUNG,1756.5954178877025,"[28, 25]"
KAB. WONOGIRI,1881.9680127409674,"[28, 25, 222]"
KAB. WONOSOBO,1752.681172226105,"[28, 27]"
KOTA MAGELANG,1782.8493197932812,"[28, 25, 226]"
KOTA PEKALONGAN,1694.0099952121707,"[28, 25]"
KOTA SALATIGA,1797.2991194838924,"[28, 25, 135]"
KOTA SEMARANG,1770.3728951576322,"[28, 29]"
KOTA SURAKARTA,1833.5451803223934,"[28, 30]"
KOTA TEGAL,1691.116999401273,"[28, 25, 86, 124, 123]"
KAB. BANTUL,1818.8274245813927,[28]
KAB. GUNUNGKIDUL,1847.8603423767634,"[28, 231]"
KAB. KULON PROGO,1824.1459480087328,"[28, 25, 120, 153]"
KAB. SLEMAN,1837.1978804694897,"[28, 25, 86, 124, 235]"
KOTA YOGYAKARTA,1829.300483991752,"[28, 25, 86, 124]"
KAB. BANGKALAN,2017.3083484067122,"[28, 55, 54, 138]"
KAB. BANYUWANGI,2206.4675292854104,"[28, 27]"
KAB. BLITAR,2016.067568379102,"[28, 231]"
KAB. BOJONEGORO,1974.3834431779026,"[28, 25, 135, 227, 203]"
KAB. BONDOWOSO,2128.4376417213907,"[28, 30, 84, 241]"
KAB. GRESIK,1955.8724656318159,"[28, 30, 84]"
KAB. JEMBER,2122.2730026602817,"[28, 30, 84, 241]"
KAB. JOMBANG,1978.5772773736217,"[28, 268]"
KAB. KEDIRI,1990.6523716465804,"[28, 25, 135, 227]"
KAB. LAMONGAN,1931.8919976605625,[28]
KAB. LUMAJANG,2071.717942833644,"[28, 245]"
KAB. MADIUN,1912.499843789868,"[28, 29]"
KAB. MAGETAN,1926.38680063733,"[28, 55, 75, 76]"
KAB. MALANG,2064.659452479989,"[28, 30, 84, 209]"
KAB. MOJOKERTO,2009.049905576128,"[28, 29, 137, 252, 251]"
KAB. NGANJUK,1948.953739247399,"[28, 29, 137, 252]"
KAB. NGAWI,1884.1342508079742,"[28, 29, 137]"
KAB. PACITAN,1906.3394408463992,"[28, 25, 120]"
KAB. PAMEKASAN,2136.125734522709,"[28, 25, 222]"
KAB. PASURUAN,2077.8061101325634,"[28, 25, 120, 153]"
KAB. PONOROGO,1979.1280466525695,"[28, 25, 86, 124, 168]"
KAB. PROBOLINGGO,2117.1635919899254,"[28, 25, 86, 258]"
KAB. SAMPANG,2021.0367938693748,"[28, 25, 86]"
KAB. SIDOARJO,2049.2041718506707,"[28, 25, 38, 195]"
KAB. SITUBONDO,2215.4437103486885,"[28, 27, 85, 205]"
KAB. SUMENEP,2206.436249806543,"[28, 30, 94]"
KAB. TRENGGALEK,2042.398177887137,"[28, 25, 86, 214, 213, 212]"
KAB. TUBAN,1906.8502136629897,"[28, 25, 120]"
KAB. TULUNGAGUNG,2004.5841326692023,"[28, 29, 137, 252, 251]"
KOTA BATU,1999.489346184189,[28]
KOTA BLITAR,1985.37841240461,"[28, 30, 81, 267]"
KOTA KEDIRI,1953.6654378341625,"[28, 30, 81]"
KOTA MADIUN,1895.0011848045874,[28]
KOTA MALANG,2022.0701409327628,"[28, 268]"
KOTA MOJOKERTO,1983.4242689814907,"[28, 27]"
KOTA PASURUAN,2017.3358826152419,"[28, 30, 81]"
KOTA PROBOLINGGO,2053.777084787186,"[28, 30, 81, 271]"
KOTA SURABAYA,2036.0589812008097,"[28, 25, 226]"
KAB. BADUNG,2287.9363868434625,"[28, 29, 137]"
KAB. BANGLI,2296.232383429693,"[28, 25, 86, 258, 276]"
KAB. BULELENG,2251.113285425781,"[28, 25, 86, 258]"
KAB. GIANYAR,2291.7379098626016,"[28, 25, 86, 258, 276]"
KAB. JEMBRANA,2258.878610261804,"[28, 29, 228]"
KAB. KARANGASEM,2352.8607594578393,"[28, 29, 228, 278]"
KAB. KLUNGKUNG,2339.323941890761,"[28, 30, 84, 241, 242, 281]"
KAB. TABANAN,2276.994993907636,"[28, 30, 84, 241, 242]"
KOTA DENPASAR,2304.0576599268675,"[28, 25, 86, 258]"
KAB. BIMA,2621.4664622678474,"[28, 25, 284]"
KAB. DOMPU,2588.657704707386,"[28, 25]"
KAB. LOMBOK BARAT,2391.0033943149974,"[28, 29, 137, 274]"
KAB. LOMBOK TENGAH,2409.9552113479976,"[28, 29, 137, 274, 285]"
KAB. LOMBOK TIMUR,2447.051002932465,"[28, 29, 137, 274, 285, 286]"
KAB. LOMBOK UTARA,2425.7382826399476,"[28, 25, 86, 258, 282]"
KAB. SUMBAWA,2503.081711893547,"[28, 25, 86]"
KAB. SUMBAWA BARAT,2465.88088666359,"[28, 29, 137]"
KOTA BIMA,2637.7218682128564,"[28, 27]"
KOTA MATARAM,2400.5382818316953,"[28, 55, 54]"
KAB. ALOR,3198.5671833993065,"[28, 29, 335]"
KAB. BELU,3276.6596251815004,"[28, 25, 307]"
KAB. ENDE,2937.960250425822,"[28, 341, 340]"
KAB. FLORES TIMUR,3048.3450961513254,"[28, 25, 86, 142]"
KAB. KUPANG,3191.70219821916,"[28, 30, 84]"
KAB. LEMBATA,3125.9789331675865,"[28, 25, 24, 92]"
KAB. MALAKA,3289.944511049337,"[28, 30, 301, 300]"
KAB. MANGGARAI,2785.073740227362,"[28, 30, 301]"
KAB. MANGGARAI BARAT,2749.5259421908045,"[28, 30]"
KAB. MANGGARAI TIMUR,2810.6077295703467,"[28, 30, 301]"
KAB. NGADA,2853.2416722867374,"[28, 30, 301, 302]"
KAB. NAGEKEO,2889.2940124205984,"[28, 30, 301, 302, 303]"
KAB. ROTE NDAO,3174.497291943646,"[28, 25, 284, 306]"
KAB. SABU RAIJUA,3031.9969473754913,"[28, 25, 284]"
KAB. SIKKA,2966.9778624136356,"[28, 25]"
KAB. SUMBA BARAT,2765.0776038793856,"[28, 25, 86, 258, 276, 275, 309]"
KAB. SUMBA BARAT DAYA,2734.2419087339445,"[28, 25, 86, 258, 276, 275]"
KAB. SUMBA TENGAH,2787.3081229609993,"[28, 25, 284, 283]"
KAB. SUMBA TIMUR,2866.1862993196214,"[28, 30, 84, 241]"
KAB. TIMOR TENGAH SELATAN,3256.977161976567,"[28, 55, 54]"
KAB. TIMOR TENGAH UTARA,3248.650941012411,"[28, 341, 340]"
KOTA KUPANG,3234.618885423465,"[28, 355, 332]"
KAB. BENGKAYANG,1517.2970328448664,"[28, 27, 22]"
KAB. KAPUAS HULU,1889.2585598534574,"[28, 27, 22, 315]"
KAB. KAYONG UTARA,1528.1991834125843,"[28, 55, 54, 138]"
KAB. KETAPANG,1610.774690201315,"[28, 30, 31, 319]"
KAB. KUBU RAYA,1432.2528944770775,"[28, 30, 31]"
KAB. LANDAK,1524.3171647979848,"[28, 30, 31, 319]"
KAB. MELAWI,1561.6130629462732,"[28, 30]"
KAB. MEMPAWAH,1455.0957790184646,"[28, 29, 96, 323]"
KAB. SAMBAS,1345.766428763786,"[28, 29, 96]"
KAB. SANGGAU,1529.0346734206598,"[28, 55, 325]"
KAB. SEKADAU,1471.105706518879,"[28, 55]"
KAB. SINTANG,1670.600787481691,"[28, 55, 54]"
KOTA PONTIANAK,1453.1504830389329,"[28, 29, 137]"
KOTA SINGKAWANG,1445.7047595968234,"[28, 27, 22]"
KAB. BALANGAN,2067.713171351011,"[28, 27, 85]"
KAB. BANJAR,1995.221732724922,"[28, 341]"
KAB. BARITO KUALA,1992.150541792838,"[28, 27, 85]"
KAB. HULU SUNGAI SELATAN,1996.4141776911563,"[28, 355]"
KAB. HULU SUNGAI TENGAH,2032.188205707923,"[28, 355, 332]"
KAB. HULU SUNGAI UTARA,1995.8097407612463,"[28, 55]"
KAB. KOTABARU,2079.563374389999,"[28, 29]"
KAB. TABALONG,2020.4852971065643,"[28, 25]"
KAB. TANAH BUMBU,2138.475615216467,"[28, 25, 86, 142, 338]"
KAB. TANAH LAUT,2047.1369811551258,"[28, 25, 86, 142]"
KAB. TAPIN,2020.1213218723465,"[28, 30, 94]"
KOTA BANJARBARU,1978.7891810674842,"[28, 341]"
KOTA BANJARMASIN,1950.2963708624093,[28]
KAB. BARITO SELATAN,2098.7779414233537,"[28, 55, 344, 343]"
KAB. BARITO TIMUR,2053.945214700241,"[28, 55, 344]"
KAB. BARITO UTARA,1936.3052182555857,"[28, 55]"
KAB. GUNUNG MAS,1782.3179665503542,"[28, 30, 321]"
KAB. KAPUAS,1887.3330290898136,"[28, 30, 321, 345]"
KAB. KATINGAN,2045.4580904539903,"[28, 30, 84, 78, 79, 348]"
KAB. KOTAWARINGIN BARAT,1839.16349479494,"[28, 30, 84, 78, 79]"
KAB. KOTAWARINGIN TIMUR,1761.3378978945566,"[28, 25, 24, 92, 93]"
KAB. LAMANDAU,1632.928884934423,"[28, 25, 86, 87]"
KAB. MURUNG RAYA,1842.2689479480414,"[28, 30]"
KAB. PULANG PISAU,1877.1986882621713,"[28, 55]"
KAB. SUKAMARA,1665.9069643994287,"[28, 25, 86, 87]"
KAB. SERUYAN,1805.0892687319626,"[28, 25, 86, 87, 353]"
KOTA PALANGKARAYA,1837.2896019307182,[28]
KAB. BERAU,2138.371508659853,"[28, 29]"
KAB. KUTAI BARAT,1997.840249434687,"[28, 29]"
KAB. KUTAI KARTANEGARA,2087.159233878113,"[28, 29, 357]"
KAB. KUTAI TIMUR,2160.552855970391,"[28, 30, 351]"
KAB. MAHAKAM ULU,2075.9929434597893,"[28, 27, 22]"
KAB. PASER,2250.286417631377,"[28, 55, 363, 362]"
KAB. PENAJAM PASER UTARA,2171.4578010443515,"[28, 55, 363]"
KOTA BALIKPAPAN,2133.289064769323,"[28, 55]"
KOTA BONTANG,2267.2830713386943,"[28, 30, 351, 359]"
KOTA SAMARINDA,2345.29795457708,"[28, 30, 351, 359, 364]"
KAB. BULUNGAN,2227.8967933537438,"[28, 30, 31, 367]"
KAB. MALINAU,2121.4243255941483,"[28, 30, 31]"
KAB. NUNUKAN,2249.943041961805,"[28, 30, 31, 367]"
KAB. TANA TIDUNG,2328.6476090508495,"[28, 30, 31, 367, 368]"
KOTA TARAKAN,2389.409715802084,"[28, 30, 31, 367, 368, 369]"
KAB. BOALEMO,2712.35683060698,"[28, 25, 24]"
KAB. BONE BOLANGO,2833.734560143313,"[28, 25, 24, 371]"
KAB. GORONTALO,2806.8223201462083,"[28, 55, 325, 374]"
KAB. GORONTALO UTARA,2753.86415497932,"[28, 55, 325]"
KAB. POHUWATO,2683.1483647056834,"[28, 30, 84]"
KOTA GORONTALO,2803.139450111787,"[28, 25, 24, 425]"
KAB. BANTAENG,2608.7799869171977,"[28, 355, 332]"
KAB. BARRU,2547.8278498164714,"[28, 55, 325]"
KAB. BONE,2605.3109944123235,"[28, 55, 325, 378]"
KAB. BULUKUMBA,2635.549399081161,"[28, 55, 54, 382]"
KAB. ENREKANG,2537.374071147393,"[28, 341]"
KAB. GOWA,2582.56384404813,"[28, 55, 54]"
KAB. JENEPONTO,2580.7594093757734,"[28, 29, 335]"
KAB. KEPULAUAN SELAYAR,2703.6249761643985,"[28, 29, 335, 383]"
KAB. LUWU,2600.5383586836824,"[28, 25, 24, 23]"
KAB. LUWU TIMUR,2638.583012008919,"[28, 30, 387]"
KAB. LUWU UTARA,2501.1169147473597,"[28, 30]"
KAB. MAROS,2561.9385578524925,"[28, 30, 389]"
KAB. PANGKAJENE DAN KEPULAUAN,2530.1640570079726,"[28, 30]"
KAB. PINRANG,2585.115547884723,"[28, 29, 139]"
KAB. SIDENRENG RAPPANG,2638.366008970028,"[28, 29, 139, 390]"
KAB. SINJAI,2632.047224245554,"[28, 30, 321, 345, 346]"
KAB. SOPPENG,2588.5100486272677,"[28, 25, 24, 92]"
KAB. TAKALAR,2597.7611665345275,"[28, 25, 24, 23]"
KAB. TANA TORAJA,2497.184230371568,"[28, 30, 321, 345]"
KAB. TORAJA UTARA,2523.014828503988,"[28, 30, 321, 345, 395]"
KAB. WAJO,2550.6220117148164,"[28, 29, 335]"
KOTA MAKASSAR,2694.1398491883388,"[28, 29, 335, 397]"
KOTA PALOPO,2567.757021546193,"[28, 30, 351]"
KOTA PAREPARE,2503.227671214864,"[28, 355, 332]"
KAB. BOMBANA,2765.2156269707416,"[28, 355, 332, 400]"
KAB. BUTON,2905.957963981048,"[28, 355, 332, 400, 401]"
KAB. BUTON SELATAN,2905.957963981048,"[28, 355, 332, 400, 401, 402]"
KAB. BUTON TENGAH,2904.8524840487084,"[28, 355, 332, 400, 413, 414]"
KAB. BUTON UTARA,2935.0118127428195,"[28, 25, 24, 92, 393]"
KAB. KOLAKA,2808.584168116074,"[28, 25, 86, 142, 338, 337]"
KAB. KOLAKA TIMUR,2767.6345206602236,"[28, 55, 325]"
KAB. KOLAKA UTARA,2649.787850395872,"[28, 355]"
KAB. KONAWE,2773.670150490325,"[28, 30, 321, 345]"
KAB. KONAWE KEPULAUAN,2878.378452164258,"[28, 29]"
KAB. KONAWE SELATAN,2808.076677582077,"[28, 29]"
KAB. KONAWE UTARA,2761.3534131164006,"[28, 55, 363]"
KAB. MUNA,2850.127396267705,"[28, 355, 332, 400]"
KAB. MUNA BARAT,2850.127396267705,"[28, 355, 332, 400, 413]"
KAB. WAKATOBI,3012.8336132111262,"[28, 355, 332, 400, 413, 414]"
KOTA BAU-BAU,2884.799288938346,"[28, 25]"
KOTA KENDARI,2821.131941701964,"[28, 30, 321]"
KAB. BANGGAI,2775.85618434528,"[28, 426]"
KAB. BANGGAI KEPULAUAN,2775.85618434528,"[28, 426, 418]"
KAB. BANGGAI LAUT,2882.1313661770614,"[28, 25]"
KAB. BUOL,2589.073717697565,"[28, 29, 429]"
KAB. DONGGALA,2660.3515723706373,"[28, 27, 22]"
KAB. MOROWALI,2720.7150892040845,"[28, 30, 321]"
KAB. MOROWALI UTARA,2666.6855387714877,"[28, 355]"
KAB. PARIGI MOUTONG,2552.604285622748,"[28, 25, 24]"
KAB. POSO,2520.374987461882,[28]
KAB. SIGI,2588.4769181048523,"[28, 426]"
KAB. TOJO UNA-UNA,2642.016907502877,"[28, 55, 54]"
KAB. TOLI-TOLI,2521.9912473635595,"[28, 29]"
KOTA PALU,2476.8968712561723,"[28, 29, 96]"
KAB. BOLAANG MONGONDOW,2898.5740801201905,"[28, 29, 356]"
KAB. BOLAANG MONGONDOW SELATAN,2923.0881639452987,"[28, 55, 325, 374, 373]"
KAB. BOLAANG MONGONDOW TIMUR,2936.2156881711767,"[28, 55, 54]"
KAB. BOLAANG MONGONDOW UTARA,2848.060398732158,"[28, 25, 26]"
KAB. KEPULAUAN SANGIHE,3025.940572621232,"[28, 55]"
KAB. KEPULAUAN SIAU TAGULANDANG BIARO,3143.087085792493,"[28, 29, 356, 443, 444]"
KAB. KEPULAUAN TALAUD,3184.0211574345612,"[28, 55, 54]"
KAB. MINAHASA,2961.2827596687284,"[28, 439]"
KAB. MINAHASA SELATAN,2919.6375376823653,[28]
KAB. MINAHASA TENGGARA,2950.0965261410465,"[28, 439]"
KAB. MINAHASA UTARA,3013.4932904209313,"[28, 439, 440]"
KOTA BITUNG,3014.738259158481,"[28, 25]"
KOTA KOTAMOBAGU,2925.6734405354946,"[28, 29, 356]"
KOTA MANADO,3027.3234048491304,"[28, 29, 356, 443]"
KOTA TOMOHON,3029.1415297329377,"[28, 25, 26, 434]"
KAB. MAJENE,2413.0237745221702,"[28, 30, 321, 345, 346]"
KAB. MAMASA,2461.3314327330113,"[28, 30, 321, 345, 346, 446]"
KAB. MAMUJU,2508.011062938397,"[28, 30, 321, 345, 346, 446, 447]"
KAB. MAMUJU TENGAH,2444.4076479448354,"[28, 30, 321]"
KAB. MAMUJU UTARA,2461.428761622499,"[28, 29, 96]"
KAB. POLEWALI MANDAR,2667.4720072841833,"[28, 29, 96, 450]"
KAB. BURU,3252.8438623360553,"[28, 55, 325]"
KAB. BURU SELATAN,3296.954889735952,"[28, 55, 325, 452]"
KAB. KEPULAUAN ARU,4173.197251187605,"[28, 30, 321, 345]"
KAB. MALUKU BARAT DAYA,3361.654155244606,"[28, 355, 332, 333]"
KAB. MALUKU TENGAH,3604.012091699262,"[28, 341, 330]"
KAB. MALUKU TENGGARA,3972.2522091326755,"[28, 355, 332, 400, 413]"
KAB. MALUKU TENGGARA BARAT,3891.340629683822,"[28, 30, 81]"
KAB. SERAM BAGIAN BARAT,3440.584636102605,"[28, 30, 351]"
KAB. SERAM BAGIAN TIMUR,3645.9840100894753,"[28, 30, 351, 459]"
KOTA AMBON,3558.0981099099304,"[28, 355, 332, 400, 413, 414, 404]"
KOTA TUAL,3967.4085222409017,"[28, 29, 335, 397]"
KAB. HALMAHERA BARAT,3269.0157994913643,"[28, 55]"
KAB. HALMAHERA TENGAH,3388.047973419194,"[28, 29, 472, 471]"
KAB. HALMAHERA UTARA,3311.5929998242646,"[28, 29, 96]"
KAB. HALMAHERA SELATAN,3356.9076374421415,"[28, 29, 96, 467]"
KAB. KEPULAUAN SULA,3089.695367948596,"[28, 29, 96]"
KAB. HALMAHERA TIMUR,3400.2397251688503,"[28, 29, 472]"
KAB. PULAU MOROTAI,3430.546639232586,"[28, 30, 351]"
KAB. PULAU TALIABU,3033.3431924921433,"[28, 426, 418, 419]"
KOTA TERNATE,3272.1358458817376,"[28, 29, 472]"
KOTA TIDORE KEPULAUAN,3260.684404436134,"[28, 29]"
KAB. ASMAT,4554.214746313031,"[28, 29, 357]"
KAB. BIAK NUMFOR,4230.095321540036,"[28, 55, 54]"
KAB. BOVEN DIGOEL,4806.488882994933,"[28, 30, 321, 417]"
KAB. DEIYAI,4341.506521663109,"[28, 30, 321, 345]"
KAB. DOGIYAI,4299.742150194813,"[28, 355, 332, 400, 413]"
KAB. INTAN JAYA,4347.978892478823,"[28, 55]"
KAB. JAYAPURA,4688.263584578649,"[28, 55, 54, 428]"
KAB. JAYAWIJAYA,4576.402820179889,"[28, 426]"
KAB. KEEROM,4806.0862124078085,"[28, 426, 480]"
KAB. KEPULAUAN YAPEN,4293.148296903952,"[28, 29, 96, 467]"
KAB. LANNY JAYA,4525.006190215222,"[28, 29]"
KAB. MAMBERAMO RAYA,4444.814093996134,"[28, 29, 357]"
KAB. MAMBERAMO TENGAH,4508.961525063437,"[28, 29, 357, 484]"
KAB. MAPPI,4758.2285511957125,"[28, 341, 340]"
KAB. MERAUKE,4840.786679732721,"[28, 55, 54, 326, 488]"
KAB. MIMIKA,4414.951848046643,"[28, 55, 54, 326]"
KAB. NABIRE,4261.372069409184,"[28, 426, 418]"
KAB. NDUGA,4523.94974354174,"[28, 29, 357]"
KAB. PANIAI,4335.832679051215,"[28, 426, 418, 489]"
KAB. PEGUNUNGAN BINTANG,4792.478105817591,"[28, 25]"
KAB. PUNCAK,4466.310108686321,"[28, 30, 351, 459, 460]"
KAB. PUNCAK JAYA,4491.280465932479,"[28, 30, 351, 459, 460]"
KAB. SARMI,4634.455877316838,"[28, 29, 356, 496]"
KAB. SUPIORI,4193.624558780264,"[28, 29, 356]"
KAB. TOLIKARA,4566.604081897568,"[28, 426, 418, 419, 470]"
KAB. WAROPEN,4282.994968047626,"[28, 55, 463]"
KAB. YAHUKIMO,4696.332206300002,"[28, 25, 336]"
KAB. YALIMO,4668.833859532284,"[28, 55, 325, 452]"
KOTA JAYAPURA,4772.425360083411,"[28, 29, 429, 421]"
KAB. YAPEN WAROPEN,4290.526273676358,"[28, 29, 96, 430]"
KAB. FAKFAK,4133.207212187133,"[28, 504]"
KAB. KAIMANA,4028.432246572962,[28]
KAB. MANOKWARI,3945.501014894888,"[28, 30, 84]"
KAB. MANOKWARI SELATAN,3945.501014894888,"[28, 30, 84, 505]"
KAB. MAYBRAT,3867.047859899269,"[28, 29, 96, 467]"
KAB. PEGUNUNGAN ARFAK,4001.9743907509023,"[28, 25, 24, 371]"
KAB. RAJA AMPAT,3710.2876471702994,"[28, 25, 24, 23]"
KAB. SORONG,3778.2347305730345,"[28, 25, 24, 23, 509]"
KAB. SORONG SELATAN,3866.062844242968,"[28, 27]"
KAB. TAMBRAUW,3978.582135056987,"[28, 27, 511]"
KAB. TELUK BINTUNI,3962.110414355807,"[28, 55, 325]"
KAB. TELUK WONDAMA,4096.890281420856,"[28, 29, 96, 430]"
KOTA SORONG,3702.2146186580503,"[28, 29]"
